user	home continent	gender	cluster
1	2	0	7
2	3	0	0
3	1	1	5
4	2	0	0
5	2	1	3
6	2	0	8
7	2	1	3
8	5	0	5
9	1	0	0
10	2	0	3
11	1	0	0
12	2	0	3
13	1	0	8
14	2	0	5
15	1	0	8
16	2	1	7
17	2	1	6
18	2	0	3
19	2	0	2
20	2	1	8
21	2	1	2
22	2	1	0
23	2	0	1
24	2	1	7
25	2	0	1
26	2	0	2
27	1	0	7
28	4	0	2
29	1	0	5
30	3	0	0
31	2	1	5
32	2	1	7
33	7	0	0
34	2	1	5
35	2	0	0
36	2	1	0
37	4	0	0
38	5	1	5
39	2	0	7
40	1	1	0
41	2	0	8
42	5	0	9
43	2	1	0
44	2	1	0
45	1	1	5
46	2	0	0
47	1	1	5
48	2	1	4
49	2	0	4
50	2	0	0
51	2	1	5
52	2	1	0
53	2	1	2
54	2	0	0
55	2	0	6
56	1	1	2
57	2	0	4
58	2	1	0
59	1	0	7
60	2	0	2
61	2	0	8
62	2	1	8
63	2	0	8
64	2	0	0
65	2	1	3
66	2	1	6
67	2	1	5
68	2	1	5
69	2	1	8
70	2	1	8
71	2	0	3
72	2	0	7
73	2	1	0
74	2	0	2
75	2	1	9
76	2	1	8
77	2	1	3
78	1	0	5
79	2	1	5
80	2	1	7
81	2	0	0
82	1	1	0
83	1	1	5
84	1	1	2
85	2	0	9
86	2	0	0
87	2	0	2
88	2	1	8
89	2	1	7
90	5	1	8
91	2	1	8
92	1	1	7
93	5	1	7
94	2	0	0
95	2	0	5
96	2	0	5
97	1	1	0
98	1	0	0
99	2	1	1
100	2	0	0
101	2	1	0
102	1	0	5
103	1	0	0
104	2	0	1
105	3	0	2
106	2	0	1
107	2	1	1
108	2	1	3
109	1	0	2
110	1	0	8
111	2	1	3
112	2	1	0
113	5	0	0
114	2	0	2
115	2	1	2
116	2	0	0
117	2	1	5
118	2	0	6
119	2	1	6
120	2	0	3
121	2	0	3
122	2	0	0
123	5	1	7
124	2	0	7
125	2	1	6
126	1	0	0
127	2	1	0
128	1	1	6
129	2	0	9
130	2	1	0
131	2	1	0
132	2	1	0
133	2	1	0
134	2	0	2
135	2	0	0
136	1	1	0
137	2	1	6
138	2	1	3
139	1	0	1
140	2	1	6
141	2	1	0
142	1	1	9
143	2	1	7
144	2	0	2
145	2	0	0
146	2	1	5
147	2	1	6
148	2	0	0
149	2	1	8
150	2	0	3
151	2	1	8
152	2	0	8
153	2	0	2
154	2	0	6
155	2	0	5
156	2	0	2
157	1	1	0
158	1	0	6
159	2	0	4
160	2	0	6
161	2	0	6
162	1	1	1
163	3	0	0
164	2	0	4
165	1	0	2
166	2	1	2
167	2	0	6
168	2	1	2
169	1	0	5
170	1	1	7
171	2	1	2
172	2	0	0
173	2	0	5
174	5	0	8
175	2	0	0
176	2	1	8
177	2	0	6
178	7	0	0
179	1	0	0
180	2	0	0
181	2	1	2
182	3	0	0
183	2	0	0
184	2	0	8
185	1	0	0
186	2	1	5
187	2	0	8
188	2	0	2
189	1	1	6
190	2	0	6
191	1	1	4
192	2	1	1
193	2	0	0
194	2	0	0
195	2	0	5
196	2	0	0
197	2	1	8
198	2	1	2
199	1	0	5
200	1	1	3
201	2	0	8
202	2	1	0
203	3	0	8
204	2	0	2
205	2	1	2
206	2	1	2
207	2	0	0
208	2	1	3
209	2	0	3
210	2	1	9
211	2	1	0
212	2	1	7
213	2	1	0
214	2	0	5
215	2	1	8
216	2	0	5
217	1	1	0
218	2	0	1
219	2	0	0
220	2	1	1
221	2	1	5
222	1	1	8
223	2	0	4
224	2	0	5
225	5	1	6
226	2	0	5
227	2	0	0
228	2	1	8
229	2	0	8
230	2	0	8
231	2	1	6
232	2	0	8
233	2	1	4
234	1	1	7
235	2	0	1
236	2	0	1
237	2	0	0
238	2	1	3
239	2	1	8
240	3	1	0
241	2	0	5
242	2	0	0
243	2	1	2
244	2	1	6
245	2	0	4
246	4	1	7
247	2	1	0
248	2	0	8
249	1	1	0
250	3	0	4
251	2	0	2
252	2	0	5
253	2	1	8
254	2	0	2
255	2	0	3
256	2	1	7
257	2	1	8
258	2	1	7
259	2	1	8
260	1	1	6
261	2	0	0
262	2	1	0
263	2	0	8
264	2	1	1
265	2	0	0
266	2	1	2
267	3	0	0
268	2	1	0
269	2	0	5
270	2	1	2
271	2	1	0
272	2	1	0
273	2	1	3
274	2	1	2
275	2	0	8
276	2	1	6
277	2	1	0
278	2	0	0
279	2	1	0
280	2	0	0
281	1	1	3
282	4	0	4
283	2	1	7
284	2	0	2
285	2	0	7
286	1	1	8
287	2	1	0
288	2	1	8
289	1	1	6
290	1	1	0
291	2	1	7
292	2	1	0
293	2	0	0
294	2	0	2
295	2	1	2
296	2	1	3
297	2	1	0
298	1	0	5
299	2	0	1
300	2	1	2
301	2	1	0
302	1	1	4
303	2	1	9
304	2	0	2
305	2	1	0
306	2	0	2
307	2	0	3
308	2	0	8
309	2	1	5
310	2	1	8
311	1	1	6
312	2	0	0
313	2	0	7
314	2	0	0
315	1	1	5
316	2	1	5
317	2	1	0
318	2	1	4
319	1	1	6
320	2	0	6
321	5	1	0
322	2	1	0
323	2	0	0
324	2	0	5
325	2	1	2
326	2	1	9
327	2	0	1
328	1	0	8
329	2	0	4
330	2	0	6
331	2	1	7
332	2	1	2
333	3	1	1
334	2	0	6
335	2	0	7
336	2	0	1
337	2	1	5
338	2	1	1
339	5	0	8
340	6	1	6
341	2	1	0
342	2	0	1
343	2	0	7
344	2	1	2
345	1	0	0
346	2	0	1
347	3	0	2
348	2	0	3
349	2	1	8
350	2	0	2
351	2	0	5
352	3	1	8
353	1	0	8
354	2	0	0
355	2	1	4
356	2	0	8
357	1	1	8
358	2	0	2
359	2	0	7
360	2	0	2
361	1	1	2
362	2	1	1
363	2	1	0
364	1	0	3
365	2	0	8
366	2	1	8
367	1	1	8
368	4	1	6
369	2	0	0
370	1	1	0
371	1	1	0
372	2	1	2
373	1	0	8
374	2	0	6
375	2	0	7
376	2	0	3
377	2	1	2
378	2	0	7
379	2	1	2
380	2	1	6
381	1	0	0
382	5	1	6
383	1	0	2
384	2	1	8
385	1	1	6
386	1	1	8
387	3	1	1
388	3	1	3
389	2	1	2
390	2	0	2
391	2	1	0
392	2	0	0
393	4	0	2
394	4	1	6
395	2	1	2
396	1	0	0
397	2	0	0
398	2	0	6
399	2	0	1
400	1	0	0
401	2	1	0
402	1	1	5
403	2	1	2
404	2	0	2
405	1	0	7
406	1	0	7
407	2	0	2
408	2	1	8
409	2	1	3
410	2	0	8
411	2	1	5
412	3	1	5
413	2	1	7
414	2	0	4
415	2	0	2
416	2	0	2
417	5	1	6
418	2	0	8
419	4	0	0
420	1	0	0
421	2	0	0
422	2	0	5
423	2	0	2
424	2	1	0
425	2	1	1
426	2	1	5
427	2	1	7
428	2	0	0
429	1	0	8
430	2	0	2
431	2	1	2
432	3	1	8
433	2	0	8
434	2	1	4
435	2	1	5
436	4	1	0
437	1	1	0
438	2	1	2
439	2	1	8
440	2	0	5
441	2	1	1
442	2	0	4
443	2	1	2
444	2	1	2
445	2	0	2
446	1	0	2
447	2	0	2
448	2	1	8
449	2	1	5
450	2	1	0
451	5	1	2
452	2	0	1
453	2	1	7
454	3	1	2
455	2	1	7
456	2	0	3
457	2	0	0
458	2	0	6
459	2	1	2
460	2	1	0
461	2	1	3
462	2	0	2
463	2	1	8
464	2	0	0
465	7	1	5
466	2	1	0
467	4	0	0
468	2	1	0
469	2	0	6
470	2	0	8
471	2	0	0
472	2	1	6
473	1	1	1
474	4	1	0
475	2	1	0
476	2	1	2
477	5	1	6
478	2	1	8
479	1	0	0
480	1	1	0
481	2	1	5
482	2	1	0
483	2	1	2
484	1	0	0
485	2	1	2
486	2	1	7
487	1	1	0
488	1	0	2
489	1	1	4
490	2	1	8
491	2	0	0
492	1	1	0
493	2	0	0
494	6	0	5
495	2	0	0
496	2	1	2
497	2	0	7
498	2	1	1
499	2	0	0
500	1	1	4
501	2	1	3
502	2	1	3
503	2	1	8
504	2	0	0
505	2	0	0
506	2	1	2
507	1	0	5
508	2	1	7
509	2	1	3
510	2	1	7
511	2	1	2
512	2	1	2
513	1	1	6
514	2	0	8
515	2	1	7
516	2	0	6
517	2	1	0
518	3	1	5
519	2	1	7
520	2	0	2
521	2	1	8
522	2	1	5
523	2	0	2
524	2	1	0
525	2	1	5
526	2	1	8
527	5	0	7
528	2	0	7
529	4	0	3
530	2	1	9
531	2	0	0
532	2	1	0
533	2	1	0
534	2	1	4
535	2	1	6
536	4	1	7
537	2	1	7
538	2	0	0
539	3	0	8
540	2	0	6
541	2	1	0
542	2	0	0
543	4	1	6
544	2	1	0
545	2	0	0
546	1	1	5
547	2	0	0
548	2	0	6
549	1	1	2
550	2	0	7
551	2	1	5
552	2	0	8
553	1	0	2
554	1	1	0
555	1	0	2
556	2	1	2
557	2	1	8
558	1	1	0
559	2	1	8
560	2	1	3
561	2	1	0
562	2	0	0
563	5	1	4
564	2	1	6
565	2	1	7
566	2	1	7
567	2	0	3
568	2	1	0
569	2	1	7
570	2	0	1
571	1	0	0
572	2	1	7
573	2	1	5
574	2	1	6
575	1	1	3
576	3	1	2
577	1	1	6
578	2	1	7
579	2	1	3
580	1	0	7
581	1	0	0
582	2	0	0
583	2	1	5
584	2	0	4
585	2	0	1
586	2	0	5
587	2	1	0
588	2	1	4
589	1	1	2
590	2	1	7
591	2	0	6
592	2	0	5
593	2	0	6
594	1	1	8
595	2	0	9
596	4	1	8
597	2	0	3
598	2	1	7
599	2	1	8
600	2	0	5
601	2	1	1
602	2	0	6
603	4	1	2
604	2	0	0
605	1	0	2
606	2	0	3
607	2	0	0
608	2	1	8
609	2	1	5
610	2	1	0
611	2	1	8
612	2	1	0
613	2	1	2
614	2	0	8
615	2	0	0
616	2	1	6
617	2	0	0
618	2	0	7
619	2	1	4
620	2	1	8
621	2	0	2
622	2	1	5
623	2	1	8
624	2	1	0
625	1	0	0
626	1	1	8
627	1	0	1
628	1	1	0
629	2	0	0
630	2	0	6
631	1	1	0
632	2	1	4
633	1	0	3
634	2	1	7
635	2	0	0
636	2	0	2
637	2	1	0
638	1	1	0
639	7	1	7
640	2	0	5
641	2	0	0
642	2	1	2
643	2	0	4
644	2	1	2
645	2	0	8
646	2	0	0
647	2	1	6
648	2	0	0
649	2	0	5
650	2	1	4
651	2	0	2
652	2	0	4
653	2	0	2
654	5	1	0
655	2	1	4
656	5	0	0
657	4	0	0
658	2	0	8
659	2	1	7
660	2	1	2
661	2	1	0
662	2	1	8
663	2	1	8
664	5	1	6
665	2	1	5
666	1	0	5
667	5	1	0
668	1	0	2
669	2	0	0
670	2	1	0
671	2	1	4
672	2	1	3
673	2	0	4
674	2	1	0
675	1	0	2
676	2	1	6
677	2	1	5
678	2	1	6
679	2	1	4
680	2	1	8
681	1	1	0
682	5	0	5
683	7	1	0
684	2	0	3
685	1	0	0
686	2	1	7
687	2	1	0
688	2	0	2
689	2	1	5
690	2	0	3
691	2	1	7
692	2	0	3
693	1	1	7
694	2	1	2
695	2	0	0
696	2	0	3
697	2	0	5
698	2	1	2
699	5	0	3
700	2	1	0
701	2	1	2
702	1	0	6
703	2	1	5
704	2	0	1
705	2	0	5
706	2	0	0
707	2	1	3
708	2	1	8
709	1	1	8
710	1	0	4
711	2	1	0
712	2	0	4
713	2	0	0
714	1	1	0
715	2	1	7
716	2	1	0
717	1	0	3
718	2	0	2
719	1	1	0
720	2	1	7
721	2	0	1
722	2	1	2
723	2	0	0
724	2	1	2
725	7	0	1
726	2	1	7
727	2	1	8
728	2	0	0
729	2	1	2
730	2	0	0
731	2	1	7
732	2	1	6
733	2	0	2
734	2	1	0
735	2	0	6
736	2	1	5
737	2	0	0
738	1	0	0
739	3	1	9
740	1	0	0
741	2	0	1
742	2	1	8
743	2	1	0
744	3	1	1
745	2	0	1
746	2	1	4
747	2	1	7
748	2	0	0
749	4	1	6
750	1	1	2
751	2	0	8
752	2	1	0
753	2	1	2
754	2	1	5
755	2	0	8
756	2	1	0
757	2	1	0
758	2	0	0
759	1	1	4
760	2	1	3
761	2	1	0
762	2	1	6
763	1	0	0
764	2	0	0
765	2	1	0
766	2	1	7
767	2	0	1
768	2	1	0
769	2	0	7
770	2	0	8
771	2	1	7
772	1	1	0
773	2	1	2
774	2	1	0
775	2	0	2
776	2	1	5
777	2	0	2
778	2	1	6
779	2	0	8
780	2	1	0
781	1	1	6
782	2	1	7
783	1	0	2
784	2	1	7
785	2	0	8
786	2	1	2
787	2	0	3
788	2	1	8
789	2	1	7
790	2	0	8
791	2	0	0
792	5	1	0
793	2	1	6
794	3	0	8
795	2	0	2
796	2	0	2
797	3	1	0
798	4	1	8
799	1	0	7
800	2	1	7
801	2	0	0
802	2	0	5
803	2	1	0
804	2	1	1
805	2	0	5
806	2	1	2
807	2	0	1
808	2	1	0
809	2	1	4
810	2	1	5
811	2	0	5
812	1	0	8
813	2	0	2
814	2	1	3
815	2	1	7
816	4	1	7
817	2	1	2
818	1	1	4
819	1	1	8
820	2	1	3
821	2	0	8
822	1	1	0
823	2	1	0
824	2	1	7
825	2	0	8
826	2	1	0
827	1	1	0
828	2	1	0
829	4	1	0
830	2	0	0
831	2	0	2
832	2	1	6
833	2	0	0
834	2	0	9
835	1	1	1
836	7	0	7
837	2	1	8
838	2	1	7
839	2	1	7
840	5	1	6
841	2	0	7
842	3	0	0
843	2	1	2
844	1	1	2
845	2	0	2
846	2	0	0
847	2	1	5
848	1	0	2
849	2	0	7
850	2	1	7
851	2	0	8
852	2	1	5
853	3	1	0
854	2	1	3
855	2	1	7
856	2	0	5
857	2	1	0
858	1	1	6
859	2	1	3
860	5	1	4
861	2	1	2
862	2	0	0
863	2	1	5
864	2	0	8
865	2	1	3
866	2	0	0
867	2	0	1
868	2	1	0
869	5	0	0
870	2	0	5
871	2	1	5
872	2	1	0
873	2	0	7
874	2	1	0
875	2	0	8
876	2	1	8
877	2	1	0
878	2	1	8
879	2	0	2
880	2	0	0
881	2	0	6
882	2	1	7
883	2	1	8
884	1	1	0
885	2	1	0
886	2	1	2
887	2	1	3
888	1	1	7
889	2	0	9
890	1	0	3
891	2	1	0
892	2	1	8
893	4	0	7
894	2	1	0
895	2	1	2
896	2	0	5
897	2	1	0
898	2	0	8
899	2	0	7
900	3	0	7
901	4	1	8
902	7	1	0
903	2	0	8
904	2	0	0
905	4	0	3
906	2	0	0
907	2	1	6
908	2	0	0
909	2	1	2
910	2	1	0
911	2	1	2
912	2	0	3
913	4	1	0
914	2	0	0
915	5	1	4
916	2	0	3
917	1	1	3
918	1	1	7
919	2	1	2
920	2	0	1
921	1	0	2
922	2	0	3
923	2	1	5
924	3	1	8
925	2	1	8
926	4	1	1
927	2	0	8
928	2	1	0
929	2	0	7
930	1	0	0
931	2	1	6
932	1	0	0
933	2	0	8
934	2	1	8
935	2	1	2
936	2	0	0
937	2	1	2
938	2	1	1
939	2	0	1
940	1	1	7
941	2	1	0
942	2	0	8
943	1	0	0
944	1	1	0
945	2	1	0
946	2	0	6
947	2	1	4
948	1	0	8
949	1	1	5
950	1	1	0
951	1	0	7
952	2	1	3
953	2	0	8
954	2	1	7
955	2	0	8
956	2	1	2
957	2	1	0
958	2	0	5
959	2	1	0
960	2	0	3
961	3	0	2
962	2	1	9
963	2	0	2
964	2	0	0
965	2	0	5
966	2	0	0
967	1	1	5
968	2	0	8
969	2	1	3
970	2	0	4
971	2	1	4
972	2	1	1
973	2	1	5
974	2	0	8
975	2	0	3
976	2	0	5
977	2	1	3
978	1	0	6
979	2	1	6
980	2	0	0
981	2	1	0
982	1	1	8
983	2	1	0
984	2	0	7
985	1	1	0
986	2	1	3
987	2	0	8
988	2	1	0
989	2	1	8
990	2	0	0
991	2	0	5
992	2	0	5
993	2	0	8
994	2	1	8
995	2	0	8
996	2	0	8
997	2	0	2
998	1	0	7
999	2	0	5
1000	2	0	0
1001	3	0	6
1002	1	1	5
1003	2	0	3
1004	2	1	8
1005	1	0	2
1006	3	1	8
1007	2	1	9
1008	2	1	3
1009	1	1	8
1010	4	0	6
1011	4	1	2
1012	1	1	0
1013	2	0	0
1014	1	1	0
1015	2	0	0
1016	2	0	8
1017	2	1	6
1018	2	0	5
1019	5	0	7
1020	2	1	0
1021	4	0	3
1022	2	0	3
1023	2	1	2
1024	2	0	0
1025	4	1	5
1026	2	0	0
1027	2	1	5
1028	2	0	2
1029	2	1	4
1030	2	1	8
1031	2	1	3
1032	1	0	5
1033	2	1	8
1034	2	0	2
1035	3	0	9
1036	2	0	8
1037	2	0	2
1038	1	0	7
1039	2	1	0
1040	2	1	5
1041	3	1	6
1042	2	0	5
1043	3	0	2
1044	2	0	4
1045	2	0	8
1046	1	0	7
1047	2	1	8
1048	2	0	0
1049	1	1	7
1050	2	0	0
1051	2	1	0
1052	2	1	5
1053	2	1	7
1054	2	0	2
1055	2	1	7
1056	2	0	2
1057	2	0	5
1058	2	0	4
1059	2	0	8
1060	2	1	5
1061	2	1	6
1062	2	1	6
1063	2	1	0
1064	1	0	7
1065	2	1	2
1066	2	0	0
1067	2	1	8
1068	1	1	2
1069	2	1	2
1070	2	1	0
1071	2	0	0
1072	4	1	0
1073	2	0	8
1074	5	0	6
1075	2	1	2
1076	1	1	8
1077	2	1	0
1078	2	0	6
1079	2	1	7
1080	1	0	8
1081	2	1	5
1082	2	0	7
1083	2	0	0
1084	2	0	9
1085	2	1	5
1086	2	1	0
1087	2	0	0
1088	2	1	0
1089	2	0	4
1090	6	1	2
1091	2	0	1
1092	1	0	4
1093	1	1	5
1094	2	0	2
1095	1	0	8
1096	2	1	3
1097	2	0	0
1098	1	1	1
1099	2	1	0
1100	2	1	7
1101	2	0	2
1102	2	1	6
1103	2	1	0
1104	2	0	1
1105	1	1	5
1106	2	0	0
1107	2	1	0
1108	2	1	3
1109	2	0	5
1110	2	1	5
1111	2	0	0
1112	2	1	8
1113	2	0	0
1114	2	0	0
1115	2	1	0
1116	1	1	4
1117	2	0	5
1118	1	0	0
1119	2	1	8
1120	2	1	7
1121	2	1	9
1122	2	1	0
1123	2	1	7
1124	1	0	8
1125	2	1	3
1126	2	0	0
1127	2	0	2
1128	2	0	5
1129	2	1	8
1130	2	0	0
1131	2	0	7
1132	2	1	0
1133	2	0	5
1134	4	1	7
1135	5	1	0
1136	2	1	5
1137	2	1	2
1138	2	1	5
1139	1	1	4
1140	2	1	3
1141	2	0	6
1142	5	1	3
1143	2	1	2
1144	2	1	4
1145	2	1	6
1146	2	1	8
1147	5	0	0
1148	2	1	5
1149	2	1	3
1150	4	1	7
1151	1	0	2
1152	2	0	7
1153	1	1	2
1154	2	1	0
1155	1	1	0
1156	2	1	6
1157	1	0	0
1158	1	1	1
1159	2	0	2
1160	2	0	0
1161	2	0	6
1162	2	0	0
1163	4	1	3
1164	2	1	1
1165	2	0	6
1166	2	0	0
1167	2	0	4
1168	2	1	1
1169	6	0	7
1170	2	0	0
1171	2	1	0
1172	2	0	6
1173	2	1	8
1174	1	0	1
1175	2	1	3
1176	4	1	7
1177	2	0	0
1178	4	1	7
1179	5	1	8
1180	3	0	3
1181	2	0	2
1182	2	1	0
1183	2	0	0
1184	2	1	6
1185	2	0	5
1186	5	0	5
1187	2	1	3
1188	2	1	2
1189	2	1	6
1190	2	0	3
1191	2	0	9
1192	2	1	8
1193	2	1	8
1194	2	1	2
1195	2	1	7
1196	4	1	1
1197	2	0	6
1198	2	0	0
1199	2	0	2
1200	2	0	7
1201	2	0	2
1202	2	0	0
1203	1	1	8
1204	2	0	0
1205	2	1	8
1206	2	0	9
1207	2	1	0
1208	2	0	2
1209	2	1	0
1210	4	1	1
1211	2	0	6
1212	2	0	1
1213	1	1	0
1214	2	1	8
1215	2	0	2
1216	2	1	0
1217	1	0	8
1218	2	0	2
1219	2	0	0
1220	2	1	3
1221	5	1	0
1222	2	0	5
1223	4	0	0
1224	2	1	6
1225	2	1	6
1226	2	1	4
1227	2	1	2
1228	2	0	4
1229	2	1	0
1230	2	0	0
1231	2	0	0
1232	5	0	0
1233	2	0	8
1234	2	1	6
1235	2	0	5
1236	2	1	5
1237	4	1	2
1238	2	1	3
1239	3	1	8
1240	7	1	3
1241	2	1	0
1242	2	0	2
1243	2	1	2
1244	2	1	5
1245	3	0	0
1246	2	1	3
1247	2	1	7
1248	2	0	0
1249	2	0	5
1250	2	1	8
1251	2	1	7
1252	2	0	0
1253	2	1	6
1254	3	1	7
1255	2	0	1
1256	2	1	2
1257	2	1	0
1258	2	0	2
1259	2	1	9
1260	1	0	8
1261	2	0	7
1262	2	1	2
1263	1	1	5
1264	6	0	0
1265	2	1	5
1266	2	1	5
1267	2	1	5
1268	2	0	7
1269	2	0	8
1270	1	0	1
1271	1	1	2
1272	2	0	0
1273	2	1	5
1274	1	0	8
1275	4	0	2
1276	4	1	5
1277	1	0	0
1278	2	1	8
1279	1	0	2
1280	2	0	1
1281	2	1	4
1282	2	1	5
1283	2	0	2
1284	2	0	7
1285	2	1	7
1286	2	0	7
1287	1	0	1
1288	1	1	0
1289	2	1	7
1290	1	1	0
1291	3	1	0
1292	2	1	3
1293	2	0	2
1294	1	1	7
1295	2	0	0
1296	2	0	1
1297	2	1	8
1298	2	0	5
1299	2	0	5
1300	2	0	7
1301	2	1	2
1302	2	0	0
1303	1	0	4
1304	2	1	0
1305	1	1	0
1306	2	0	7
1307	1	0	0
1308	2	0	3
1309	1	1	5
1310	2	0	1
1311	3	1	1
1312	2	1	0
1313	2	1	0
1314	2	1	0
1315	2	0	8
1316	2	1	8
1317	1	1	0
1318	2	1	2
1319	2	0	6
1320	4	0	3
1321	2	0	0
1322	2	0	8
1323	2	0	9
1324	2	0	5
1325	2	1	2
1326	2	1	0
1327	2	1	0
1328	1	1	4
1329	2	0	2
1330	2	0	0
1331	4	0	0
1332	1	0	2
1333	2	0	0
1334	2	0	4
1335	2	1	2
1336	2	0	4
1337	1	1	0
1338	2	1	8
1339	2	1	2
1340	2	1	0
1341	2	1	4
1342	2	0	6
1343	2	0	3
1344	2	1	2
1345	4	0	8
1346	2	0	0
1347	2	1	6
1348	2	1	8
1349	2	1	2
1350	2	0	6
1351	2	1	8
1352	1	1	0
1353	1	1	0
1354	2	0	8
1355	2	1	6
1356	2	1	5
1357	2	0	5
1358	2	0	2
1359	2	1	0
1360	1	1	1
1361	2	0	7
1362	2	1	0
1363	5	0	0
1364	5	1	4
1365	2	0	4
1366	2	1	4
1367	2	1	2
1368	1	1	8
1369	1	1	2
1370	2	1	8
1371	2	0	0
1372	2	1	8
1373	2	0	1
1374	2	1	8
1375	2	0	0
1376	2	1	8
1377	2	1	5
1378	2	1	1
1379	2	1	0
1380	2	0	2
1381	2	1	0
1382	2	1	0
1383	1	0	2
1384	2	0	5
1385	2	0	5
1386	2	1	0
1387	2	1	5
1388	2	1	6
1389	1	1	8
1390	2	0	0
1391	3	1	0
1392	2	0	0
1393	2	1	4
1394	2	1	0
1395	1	0	4
1396	2	0	4
1397	2	0	6
1398	2	1	8
1399	2	0	0
1400	2	1	0
1401	2	0	0
1402	2	0	6
1403	2	1	0
1404	2	1	8
1405	3	1	0
1406	2	1	8
1407	2	0	7
1408	1	1	8
1409	2	1	6
1410	1	1	0
1411	2	0	6
1412	2	1	5
1413	2	0	1
1414	2	0	0
1415	2	1	3
1416	2	0	3
1417	2	0	0
1418	2	1	2
1419	1	1	2
1420	2	1	0
1421	2	1	7
1422	2	1	8
1423	2	0	7
1424	3	1	6
1425	2	0	0
1426	2	1	7
1427	1	1	8
1428	7	0	6
1429	1	0	4
1430	1	1	2
1431	2	1	2
1432	2	0	0
1433	2	0	3
1434	2	0	8
1435	2	1	6
1436	2	0	0
1437	2	0	0
1438	5	1	4
1439	2	1	2
1440	2	0	2
1441	2	1	6
1442	3	1	8
1443	2	1	0
1444	2	1	5
1445	5	1	8
1446	7	1	4
1447	2	0	6
1448	2	0	3
1449	6	0	2
1450	1	0	6
1451	1	0	7
1452	2	1	7
1453	2	1	0
1454	1	1	2
1455	2	1	0
1456	2	1	7
1457	2	0	0
1458	2	0	0
1459	2	0	8
1460	2	1	8
1461	2	0	5
1462	2	1	8
1463	2	0	0
1464	1	1	2
1465	2	0	0
1466	2	0	2
1467	2	1	1
1468	3	0	5
1469	2	0	8
1470	2	0	7
1471	1	1	5
1472	4	1	0
1473	2	1	8
1474	2	0	2
1475	2	1	1
1476	2	1	4
1477	1	1	4
1478	2	1	0
1479	2	0	2
1480	3	0	2
1481	2	0	8
1482	2	0	2
1483	2	0	0
1484	2	0	7
1485	2	1	5
1486	2	0	2
1487	2	1	0
1488	1	1	2
1489	1	0	8
1490	1	0	8
1491	1	1	8
1492	2	1	2
1493	2	1	8
1494	1	0	2
1495	2	1	0
1496	2	1	4
1497	2	0	9
1498	1	1	8
1499	1	1	2
1500	2	1	8
1501	1	0	0
1502	2	1	5
1503	2	1	0
1504	2	0	8
1505	1	0	2
1506	2	0	8
1507	2	1	0
1508	2	0	5
1509	2	1	2
1510	1	0	7
1511	2	1	8
1512	1	0	5
1513	1	0	0
1514	1	0	2
1515	2	0	0
1516	2	1	0
1517	2	0	8
1518	2	0	1
1519	2	0	0
1520	2	0	0
1521	1	0	2
1522	2	1	0
1523	2	0	6
1524	2	1	9
1525	2	0	0
1526	2	1	0
1527	2	1	0
1528	2	1	0
1529	2	1	0
1530	3	0	5
1531	1	1	2
1532	2	0	0
1533	2	0	1
1534	2	1	1
1535	2	1	7
1536	2	1	8
1537	4	1	1
1538	2	1	1
1539	1	0	2
1540	2	1	0
1541	1	0	5
1542	2	0	2
1543	1	1	2
1544	2	0	0
1545	3	1	0
1546	1	0	7
1547	5	1	2
1548	2	1	0
1549	1	0	8
1550	2	0	0
1551	2	0	7
1552	2	1	3
1553	2	1	1
1554	1	1	0
1555	2	0	8
1556	1	0	2
1557	1	1	7
1558	2	0	0
1559	2	1	8
1560	2	0	7
1561	2	1	2
1562	1	1	1
1563	2	0	8
1564	2	0	6
1565	2	1	6
1566	3	0	3
1567	1	1	1
1568	2	1	0
1569	3	1	6
1570	1	0	0
1571	2	0	0
1572	2	1	0
1573	5	0	0
1574	5	1	0
1575	2	1	0
1576	2	0	3
1577	2	1	0
1578	5	1	6
1579	2	1	2
1580	2	1	2
1581	2	0	8
1582	2	1	3
1583	3	0	2
1584	2	1	8
1585	2	0	4
1586	2	1	0
1587	2	0	8
1588	2	0	8
1589	2	0	8
1590	2	0	8
1591	1	0	1
1592	2	0	2
1593	1	0	8
1594	2	1	2
1595	2	1	4
1596	4	1	4
1597	2	1	0
1598	2	1	6
1599	2	1	1
1600	3	1	8
1601	2	0	6
1602	4	1	7
1603	2	0	3
1604	1	0	0
1605	2	0	0
1606	1	1	0
1607	2	0	0
1608	1	0	1
1609	2	1	6
1610	2	0	0
1611	2	0	1
1612	2	1	8
1613	3	1	0
1614	2	0	4
1615	2	0	9
1616	2	1	5
1617	2	0	0
1618	1	1	0
1619	2	0	6
1620	5	1	4
1621	2	0	6
1622	2	1	2
1623	1	0	5
1624	2	0	6
1625	2	1	1
1626	2	0	0
1627	2	0	4
1628	2	1	0
1629	4	1	2
1630	2	1	6
1631	2	1	1
1632	2	1	8
1633	2	1	8
1634	2	1	0
1635	2	1	7
1636	2	1	7
1637	3	1	8
1638	2	1	0
1639	2	0	8
1640	2	1	8
1641	3	1	2
1642	2	1	0
1643	2	0	3
1644	2	1	7
1645	2	1	2
1646	2	1	0
1647	5	1	6
1648	3	1	7
1649	2	1	7
1650	2	0	3
1651	2	0	8
1652	2	1	9
1653	1	1	2
1654	2	1	0
1655	2	0	0
1656	1	1	7
1657	2	0	0
1658	2	1	8
1659	2	0	9
1660	2	1	2
1661	3	1	1
1662	2	1	0
1663	2	0	9
1664	2	0	7
1665	2	1	7
1666	1	1	0
1667	3	1	9
1668	1	0	0
1669	2	1	8
1670	1	1	0
1671	2	0	8
1672	1	0	2
1673	7	1	7
1674	2	1	1
1675	2	1	6
1676	2	1	0
1677	2	0	3
1678	1	0	0
1679	1	1	7
1680	1	1	0
1681	2	1	1
1682	4	1	0
1683	2	0	6
1684	2	0	8
1685	2	0	2
1686	2	0	2
1687	2	0	4
1688	1	0	7
1689	2	0	5
1690	2	1	2
1691	2	0	7
1692	2	0	6
1693	3	1	5
1694	5	1	2
1695	2	1	6
1696	2	0	6
1697	2	0	2
1698	2	1	9
1699	2	1	0
1700	2	0	8
1701	2	0	6
1702	1	0	7
1703	2	1	0
1704	2	1	8
1705	1	1	8
1706	2	1	0
1707	2	0	2
1708	2	0	2
1709	1	1	5
1710	2	0	7
1711	2	1	2
1712	3	1	5
1713	2	0	8
1714	2	1	0
1715	2	0	0
1716	2	0	0
1717	2	1	4
1718	2	1	2
1719	2	1	1
1720	2	1	3
1721	2	0	8
1722	2	1	7
1723	1	0	5
1724	2	0	0
1725	2	1	8
1726	2	1	3
1727	1	1	7
1728	2	1	5
1729	1	0	6
1730	2	0	9
1731	3	0	2
1732	2	1	6
1733	1	0	1
1734	1	1	8
1735	2	1	0
1736	2	0	8
1737	2	0	0
1738	2	1	6
1739	2	1	1
1740	2	1	0
1741	2	1	0
1742	2	1	5
1743	2	1	4
1744	2	0	0
1745	1	1	2
1746	2	0	0
1747	2	0	5
1748	2	0	7
1749	2	1	6
1750	2	0	8
1751	1	0	4
1752	2	0	0
1753	2	1	9
1754	2	0	0
1755	2	0	8
1756	2	1	8
1757	1	1	0
1758	5	1	5
1759	2	0	1
1760	2	1	0
1761	3	0	0
1762	2	0	8
1763	2	1	8
1764	2	1	4
1765	2	1	8
1766	2	0	0
1767	2	0	5
1768	2	1	8
1769	2	0	5
1770	2	1	8
1771	2	0	5
1772	2	1	8
1773	3	1	8
1774	2	0	0
1775	2	0	5
1776	2	0	7
1777	3	1	8
1778	1	1	7
1779	2	0	2
1780	1	1	4
1781	2	0	2
1782	1	1	0
1783	2	0	3
1784	2	0	3
1785	2	0	2
1786	1	1	0
1787	2	0	5
1788	2	0	8
1789	1	0	7
1790	2	1	8
1791	2	0	0
1792	1	0	0
1793	2	0	0
1794	2	0	2
1795	4	0	7
1796	2	0	3
1797	2	1	0
1798	2	0	7
1799	3	0	8
1800	2	0	0
1801	2	1	0
1802	2	1	6
1803	2	0	8
1804	1	0	4
1805	3	0	1
1806	2	0	0
1807	2	0	0
1808	4	0	5
1809	2	1	0
1810	1	1	5
1811	2	1	4
1812	2	1	8
1813	4	0	6
1814	2	0	0
1815	2	0	3
1816	2	0	0
1817	2	0	0
1818	2	0	0
1819	1	1	2
1820	2	1	7
1821	2	1	0
1822	2	0	7
1823	3	1	3
1824	2	0	5
1825	2	0	2
1826	2	1	0
1827	2	1	7
1828	2	1	0
1829	2	0	3
1830	2	0	4
1831	2	0	0
1832	2	1	0
1833	2	0	3
1834	2	0	9
1835	2	1	3
1836	2	1	9
1837	2	0	6
1838	1	0	2
1839	2	0	0
1840	2	0	7
1841	2	1	0
1842	1	1	0
1843	2	1	3
1844	2	0	3
1845	1	1	0
1846	2	0	5
1847	1	1	0
1848	2	1	0
1849	2	0	8
1850	2	0	6
1851	2	0	0
1852	2	0	6
1853	2	0	0
1854	2	0	0
1855	2	1	1
1856	2	0	1
1857	2	1	0
1858	2	0	1
1859	2	1	0
1860	2	0	0
1861	2	0	8
1862	2	0	7
1863	2	0	0
1864	2	1	0
1865	2	1	4
1866	2	1	2
1867	2	0	0
1868	1	0	0
1869	1	1	7
1870	2	1	5
1871	2	0	4
1872	2	1	5
1873	2	0	7
1874	2	0	6
1875	2	1	8
1876	2	1	3
1877	2	1	2
1878	2	1	6
1879	2	1	8
1880	2	0	0
1881	2	1	5
1882	1	1	0
1883	2	0	4
1884	2	1	8
1885	1	0	7
1886	1	1	5
1887	1	0	2
1888	2	1	7
1889	3	1	2
1890	2	1	2
1891	2	1	2
1892	2	1	7
1893	5	1	6
1894	2	1	7
1895	2	1	0
1896	2	1	0
1897	2	1	8
1898	2	0	5
1899	2	0	2
1900	2	1	2
1901	2	1	2
1902	2	1	0
1903	2	0	8
1904	2	1	2
1905	2	1	0
1906	2	1	5
1907	2	1	8
1908	2	0	2
1909	2	0	8
1910	2	1	8
1911	1	1	2
1912	2	0	4
1913	1	0	0
1914	2	0	0
1915	2	0	2
1916	7	1	5
1917	2	0	0
1918	2	0	0
1919	2	1	0
1920	2	0	8
1921	1	0	9
1922	2	1	2
1923	2	0	0
1924	1	1	0
1925	2	0	0
1926	5	1	0
1927	2	0	5
1928	4	1	0
1929	2	1	4
1930	2	0	0
1931	1	0	0
1932	2	1	8
1933	2	1	0
1934	3	1	6
1935	2	0	6
1936	2	0	2
1937	2	0	0
1938	2	0	2
1939	1	1	4
1940	4	1	3
1941	7	1	5
1942	1	0	2
1943	2	0	4
1944	1	0	2
1945	1	0	2
1946	1	1	0
1947	2	1	5
1948	2	1	3
1949	2	1	0
1950	2	0	1
1951	2	0	6
1952	2	0	8
1953	2	0	0
1954	2	0	7
1955	3	1	8
1956	2	0	8
1957	2	0	2
1958	2	0	7
1959	2	0	4
1960	4	1	1
1961	1	1	7
1962	2	1	0
1963	2	1	0
1964	2	0	5
1965	2	1	0
1966	2	1	0
1967	2	0	6
1968	2	0	5
1969	2	1	7
1970	2	1	0
1971	1	0	7
1972	2	1	0
1973	2	1	8
1974	1	1	0
1975	2	0	6
1976	2	0	0
1977	2	0	7
1978	2	1	0
1979	1	0	7
1980	2	0	0
1981	2	1	0
1982	2	1	0
1983	2	1	8
1984	2	0	5
1985	2	0	7
1986	2	1	7
1987	2	0	0
1988	2	0	0
1989	2	1	0
1990	1	0	4
1991	2	1	6
1992	2	0	8
1993	2	0	8
1994	4	1	4
1995	1	0	1
1996	1	0	7
1997	1	0	0
1998	2	1	0
1999	2	0	2
2000	2	0	8
2001	2	1	7
2002	4	1	0
2003	2	0	0
2004	2	0	6
2005	2	0	0
2006	1	1	4
2007	1	0	5
2008	2	0	6
2009	3	1	0
2010	2	1	7
2011	2	0	5
2012	2	1	8
2013	1	1	0
2014	1	1	2
2015	2	0	4
2016	2	1	5
2017	2	1	7
2018	2	0	7
2019	2	1	7
2020	4	1	2
2021	2	1	5
2022	2	1	0
2023	1	0	5
2024	2	0	0
2025	2	1	6
2026	2	1	8
2027	2	0	0
2028	2	1	5
2029	2	0	0
2030	2	1	0
2031	2	0	6
2032	2	0	8
2033	2	1	4
2034	2	0	0
2035	2	1	5
2036	5	1	1
2037	2	1	8
2038	2	1	7
2039	2	1	8
2040	2	0	3
2041	1	0	0
2042	2	1	5
2043	5	0	2
2044	2	1	7
2045	5	0	1
2046	2	0	0
2047	2	1	2
2048	2	0	0
2049	2	0	0
2050	2	1	0
2051	1	0	0
2052	1	1	2
2053	2	0	3
2054	1	1	8
2055	2	0	8
2056	2	1	1
2057	2	0	2
2058	2	1	7
2059	1	0	0
2060	4	1	0
2061	2	0	0
2062	2	1	3
2063	2	1	0
2064	2	1	0
2065	2	1	0
2066	2	1	0
2067	2	1	4
2068	1	1	0
2069	2	1	8
2070	2	0	6
2071	2	0	0
2072	2	1	0
2073	2	1	0
2074	2	0	2
2075	5	0	6
2076	2	1	3
2077	2	0	8
2078	2	1	0
2079	2	0	6
2080	2	1	1
2081	2	0	8
2082	2	1	1
2083	2	0	0
2084	2	0	7
2085	2	1	3
2086	2	0	0
2087	5	0	2
2088	2	1	2
2089	2	0	0
2090	2	1	7
2091	2	1	7
2092	2	0	8
2093	2	0	7
2094	2	1	9
2095	2	1	0
2096	2	1	0
2097	7	0	4
2098	2	0	6
2099	1	0	4
2100	3	0	0
2101	2	0	5
2102	2	1	8
2103	1	1	5
2104	2	0	3
2105	1	0	5
2106	2	0	6
2107	5	1	2
2108	2	1	5
2109	2	0	7
2110	2	1	2
2111	2	1	2
2112	2	0	6
2113	2	0	6
2114	1	1	8
2115	1	0	6
2116	2	0	2
2117	2	0	0
2118	2	0	6
2119	2	1	0
2120	2	1	0
2121	2	0	8
2122	2	1	0
2123	2	1	0
2124	2	1	8
2125	2	1	3
2126	4	1	7
2127	2	1	3
2128	2	1	1
2129	2	0	8
2130	2	1	0
2131	2	1	4
2132	2	1	6
2133	2	1	0
2134	1	0	0
2135	2	1	8
2136	2	1	6
2137	2	1	8
2138	2	0	8
2139	1	1	0
2140	2	1	5
2141	1	1	7
2142	2	1	2
2143	1	0	5
2144	2	1	7
2145	2	1	5
2146	2	0	2
2147	3	1	8
2148	3	0	6
2149	2	0	6
2150	2	1	3
2151	2	1	0
2152	2	0	0
2153	2	0	0
2154	3	1	4
2155	4	1	1
2156	4	1	7
2157	1	1	1
2158	2	0	4
2159	2	0	9
2160	2	0	7
2161	2	1	0
2162	2	1	3
2163	2	0	5
2164	2	1	6
2165	2	0	0
2166	2	0	5
2167	2	1	5
2168	2	1	5
2169	2	0	1
2170	3	0	4
2171	2	0	7
2172	2	1	0
2173	2	1	2
2174	2	1	0
2175	2	1	9
2176	2	0	0
2177	2	0	0
2178	2	0	8
2179	2	1	3
2180	2	1	3
2181	3	0	0
2182	1	1	0
2183	1	1	0
2184	2	1	5
2185	2	0	5
2186	2	0	0
2187	2	0	2
2188	1	1	5
2189	2	1	7
2190	2	0	0
2191	1	1	0
2192	2	1	1
2193	1	0	0
2194	2	0	7
2195	2	1	1
2196	2	1	0
2197	2	0	2
2198	2	0	0
2199	2	1	0
2200	1	0	7
2201	2	1	2
2202	1	1	4
2203	3	1	7
2204	2	0	1
2205	2	1	0
2206	2	1	5
2207	1	0	7
2208	2	0	0
2209	2	1	5
2210	2	0	0
2211	2	1	6
2212	1	1	8
2213	2	0	5
2214	2	1	5
2215	2	1	0
2216	2	1	0
2217	2	0	3
2218	1	0	2
2219	1	1	7
2220	3	1	2
2221	2	0	1
2222	2	1	2
2223	1	1	7
2224	1	1	3
2225	2	0	2
2226	1	0	5
2227	2	1	1
2228	2	0	0
2229	5	1	0
2230	1	0	8
2231	2	0	2
2232	1	1	0
2233	2	1	3
2234	2	0	0
2235	2	1	3
2236	1	0	8
2237	1	0	0
2238	7	0	3
2239	1	0	2
2240	2	1	0
2241	2	0	0
2242	1	0	7
2243	2	0	2
2244	1	1	8
2245	2	0	3
2246	2	1	3
2247	2	1	3
2248	2	0	5
2249	2	0	4
2250	1	1	2
2251	2	0	2
2252	2	0	0
2253	2	1	3
2254	1	1	0
2255	1	0	0
2256	1	1	3
2257	2	0	7
2258	2	1	8
2259	2	1	6
2260	2	1	0
2261	2	0	8
2262	2	0	6
2263	2	0	4
2264	2	1	2
2265	2	0	2
2266	2	0	7
2267	2	1	3
2268	2	1	1
2269	2	0	2
2270	1	0	1
2271	2	0	2
2272	1	1	5
2273	2	0	0
2274	2	1	1
2275	2	1	3
2276	3	1	2
2277	1	1	2
2278	2	1	3
2279	2	0	8
2280	2	1	8
2281	7	0	8
2282	6	1	0
2283	1	1	8
2284	2	1	0
2285	2	0	8
2286	2	0	0
2287	2	0	5
2288	4	0	1
2289	2	1	6
2290	3	0	5
2291	2	1	0
2292	2	1	2
2293	2	0	8
2294	2	1	6
2295	2	0	8
2296	1	1	0
2297	3	1	4
2298	2	0	0
2299	2	0	0
2300	1	0	0
2301	2	1	0
2302	2	0	4
2303	2	0	6
2304	2	1	7
2305	2	1	7
2306	2	1	7
2307	2	0	0
2308	2	0	8
2309	2	0	0
2310	1	0	2
2311	2	1	4
2312	2	1	4
2313	1	0	2
2314	2	0	1
2315	2	1	5
2316	2	0	6
2317	1	0	1
2318	2	0	2
2319	2	0	3
2320	1	0	8
2321	2	0	2
2322	3	1	8
2323	2	0	1
2324	2	1	2
2325	2	0	8
2326	1	1	2
2327	2	1	0
2328	2	0	2
2329	2	0	0
2330	2	1	3
2331	2	1	0
2332	4	0	8
2333	2	0	4
2334	3	1	1
2335	1	0	0
2336	2	0	5
2337	2	1	3
2338	2	0	1
2339	2	1	7
2340	2	0	0
2341	2	1	7
2342	4	1	4
2343	3	0	8
2344	2	1	6
2345	2	1	2
2346	2	0	0
2347	2	1	8
2348	2	1	1
2349	4	1	0
2350	2	0	7
2351	2	0	3
2352	2	0	2
2353	2	0	2
2354	2	1	8
2355	2	1	0
2356	2	1	5
2357	1	1	8
2358	2	0	7
2359	1	0	0
2360	3	0	0
2361	2	1	0
2362	2	0	8
2363	2	0	2
2364	1	1	0
2365	3	1	3
2366	2	0	2
2367	2	1	5
2368	2	1	5
2369	2	1	7
2370	1	0	2
2371	2	1	2
2372	1	0	0
2373	2	1	7
2374	2	1	2
2375	2	1	0
2376	2	0	5
2377	2	0	4
2378	2	1	7
2379	2	0	6
2380	1	1	0
2381	2	1	2
2382	1	1	2
2383	1	1	2
2384	2	0	4
2385	2	1	5
2386	2	1	2
2387	2	1	8
2388	3	1	0
2389	1	0	5
2390	2	1	3
2391	2	0	0
2392	2	1	2
2393	2	1	2
2394	2	1	8
2395	2	1	5
2396	1	0	1
2397	1	1	4
2398	2	0	6
2399	2	1	0
2400	2	1	6
2401	2	0	0
2402	2	0	2
2403	2	0	0
2404	2	1	8
2405	2	1	2
2406	2	0	1
2407	2	1	1
2408	2	1	5
2409	1	1	0
2410	2	0	5
2411	2	1	0
2412	2	1	3
2413	1	0	1
2414	3	0	9
2415	2	1	0
2416	2	1	8
2417	2	1	2
2418	2	1	0
2419	2	0	0
2420	2	0	2
2421	2	1	5
2422	1	1	3
2423	2	1	9
2424	1	1	5
2425	1	1	2
2426	2	1	0
2427	1	0	8
2428	2	0	7
2429	2	0	1
2430	2	1	0
2431	2	1	0
2432	2	1	7
2433	2	0	3
2434	2	1	0
2435	2	0	2
2436	2	1	6
2437	2	1	5
2438	2	0	2
2439	2	1	2
2440	2	1	5
2441	1	1	0
2442	1	0	0
2443	1	0	4
2444	2	1	0
2445	1	0	5
2446	2	1	7
2447	5	1	1
2448	2	1	7
2449	2	0	6
2450	1	0	2
2451	2	1	0
2452	2	1	7
2453	2	1	6
2454	2	0	7
2455	1	1	2
2456	1	1	2
2457	1	0	6
2458	2	1	2
2459	1	1	5
2460	2	1	6
2461	1	1	0
2462	2	0	0
2463	2	1	3
2464	2	1	1
2465	1	0	4
2466	2	0	0
2467	2	1	4
2468	1	0	2
2469	2	1	2
2470	1	0	0
2471	2	0	0
2472	1	1	0
2473	2	1	1
2474	1	1	0
2475	2	1	8
2476	2	1	5
2477	1	0	2
2478	2	1	2
2479	2	1	0
2480	2	1	0
2481	2	0	7
2482	2	0	7
2483	1	1	4
2484	2	0	1
2485	2	0	8
2486	2	1	0
2487	2	1	2
2488	2	1	3
2489	2	0	8
2490	2	0	7
2491	5	1	4
2492	2	0	5
2493	2	0	0
2494	2	0	0
2495	2	1	0
2496	1	0	0
2497	2	0	2
2498	1	0	7
2499	2	0	7
2500	2	0	3
2501	2	0	0
2502	2	1	0
2503	3	0	8
2504	2	0	6
2505	2	0	5
2506	2	0	3
2507	2	0	3
2508	2	1	7
2509	1	0	0
2510	2	1	0
2511	2	0	8
2512	2	0	5
2513	1	1	8
2514	2	1	0
2515	5	1	8
2516	1	1	3
2517	2	1	1
2518	2	1	6
2519	2	0	5
2520	2	0	0
2521	2	1	0
2522	2	0	2
2523	2	0	6
2524	4	0	5
2525	2	0	5
2526	2	1	2
2527	2	0	7
2528	1	1	6
2529	2	0	7
2530	2	1	6
2531	4	0	6
2532	2	1	0
2533	3	0	0
2534	7	1	0
2535	2	0	2
2536	1	0	5
2537	2	0	2
2538	2	0	4
2539	1	1	2
2540	2	1	2
2541	2	0	6
2542	2	1	8
2543	1	0	8
2544	4	1	8
2545	2	1	0
2546	2	1	6
2547	2	1	8
2548	1	1	5
2549	2	1	0
2550	2	0	0
2551	3	0	8
2552	2	0	0
2553	2	1	2
2554	2	1	8
2555	2	1	7
2556	2	1	3
2557	3	1	7
2558	2	0	4
2559	3	1	7
2560	2	0	2
2561	2	0	0
2562	2	0	2
2563	2	1	8
2564	7	1	7
2565	2	1	3
2566	2	0	8
2567	2	1	8
2568	2	1	7
2569	2	0	8
2570	2	0	5
2571	2	1	8
2572	2	0	0
2573	2	0	8
2574	1	1	7
2575	2	0	0
2576	2	1	9
2577	1	1	2
2578	2	1	1
2579	2	0	0
2580	2	1	6
2581	2	0	2
2582	3	0	1
2583	2	1	5
2584	2	0	5
2585	2	0	0
2586	2	1	7
2587	2	0	4
2588	2	1	1
2589	2	1	0
2590	2	1	0
2591	1	1	7
2592	2	1	8
2593	2	0	8
2594	2	0	7
2595	2	0	0
2596	2	0	9
2597	1	0	0
2598	4	0	5
2599	2	0	8
2600	2	1	2
2601	1	0	3
2602	2	1	0
2603	3	1	8
2604	2	1	0
2605	2	0	5
2606	2	0	0
2607	4	0	6
2608	2	0	8
2609	1	1	0
2610	1	1	8
2611	2	0	7
2612	2	1	7
2613	2	1	3
2614	2	0	0
2615	2	1	7
2616	2	1	6
2617	1	1	8
2618	3	1	7
2619	1	1	8
2620	2	0	6
2621	2	1	0
2622	2	1	0
2623	2	1	3
2624	3	1	0
2625	2	0	6
2626	2	1	0
2627	5	0	6
2628	2	1	3
2629	2	0	5
2630	2	0	5
2631	2	1	6
2632	2	1	8
2633	1	1	2
2634	2	0	1
2635	2	1	7
2636	2	1	8
2637	2	1	8
2638	2	1	5
2639	2	1	3
2640	2	1	0
2641	2	0	1
2642	2	1	0
2643	2	0	0
2644	2	1	6
2645	2	0	8
2646	2	0	2
2647	2	0	0
2648	1	1	2
2649	2	0	5
2650	2	0	7
2651	2	0	3
2652	2	1	9
2653	2	0	7
2654	2	0	8
2655	2	0	0
2656	2	0	9
2657	2	0	0
2658	2	0	7
2659	1	1	5
2660	2	0	0
2661	2	1	7
2662	2	1	2
2663	2	0	0
2664	1	0	3
2665	2	0	6
2666	2	0	8
2667	1	1	7
2668	2	1	0
2669	2	1	0
2670	4	1	0
2671	1	0	6
2672	2	1	0
2673	3	0	5
2674	2	0	0
2675	2	1	2
2676	2	1	7
2677	2	1	3
2678	3	1	2
2679	2	1	1
2680	2	0	0
2681	5	1	0
2682	2	0	7
2683	2	1	1
2684	1	0	5
2685	1	0	2
2686	2	1	6
2687	2	0	2
2688	2	1	6
2689	2	1	5
2690	2	1	5
2691	2	1	0
2692	2	1	3
2693	1	1	5
2694	2	1	0
2695	2	0	7
2696	2	1	3
2697	2	1	5
2698	3	1	0
2699	1	0	1
2700	1	1	8
2701	2	1	0
2702	2	0	2
2703	2	1	3
2704	2	0	0
2705	4	1	8
2706	2	0	7
2707	5	0	0
2708	2	1	2
2709	2	0	6
2710	2	0	2
2711	6	1	3
2712	2	1	0
2713	6	0	5
2714	1	0	2
2715	2	0	0
2716	1	0	0
2717	4	1	9
2718	2	0	8
2719	1	1	8
2720	2	1	7
2721	1	0	0
2722	1	1	7
2723	2	0	2
2724	2	0	2
2725	2	0	6
2726	2	0	0
2727	1	0	0
2728	2	1	8
2729	2	0	0
2730	2	1	0
2731	2	0	7
2732	2	0	6
2733	2	1	0
2734	2	1	5
2735	2	0	6
2736	2	0	6
2737	2	0	0
2738	2	0	0
2739	2	1	0
2740	4	0	0
2741	2	0	4
2742	2	0	7
2743	2	1	7
2744	1	1	8
2745	1	0	5
2746	2	1	5
2747	2	0	0
2748	2	0	2
2749	2	0	7
2750	1	1	7
2751	1	1	5
2752	2	0	2
2753	2	0	2
2754	2	1	5
2755	2	1	7
2756	2	1	2
2757	1	1	0
2758	2	1	6
2759	2	1	7
2760	5	1	2
2761	2	1	5
2762	2	1	3
2763	2	0	0
2764	1	0	5
2765	2	0	2
2766	2	1	0
2767	2	0	5
2768	2	0	4
2769	2	1	7
2770	2	1	2
2771	2	1	6
2772	2	1	7
2773	2	0	5
2774	2	0	2
2775	2	0	0
2776	1	0	9
2777	2	0	5
2778	1	1	0
2779	2	1	8
2780	2	1	5
2781	2	0	7
2782	2	1	0
2783	2	0	5
2784	2	1	3
2785	2	1	3
2786	2	1	8
2787	2	0	1
2788	1	1	3
2789	2	0	2
2790	2	1	8
2791	2	1	2
2792	2	0	6
2793	3	1	6
2794	1	1	6
2795	3	0	2
2796	2	1	8
2797	2	0	8
2798	1	1	2
2799	2	0	0
2800	2	1	1
2801	2	1	1
2802	2	0	1
2803	2	1	3
2804	4	1	4
2805	2	0	7
2806	2	1	6
2807	3	0	8
2808	1	0	9
2809	2	0	7
2810	2	1	6
2811	1	0	2
2812	2	0	0
2813	4	1	7
2814	2	0	8
2815	2	0	1
2816	2	0	6
2817	2	0	7
2818	2	1	0
2819	2	1	2
2820	2	1	0
2821	2	0	7
2822	2	0	7
2823	2	0	7
2824	2	1	6
2825	2	1	2
2826	2	1	6
2827	2	0	3
2828	2	1	8
2829	2	0	8
2830	2	1	0
2831	2	1	0
2832	2	0	7
2833	2	1	5
2834	1	1	7
2835	2	0	4
2836	2	0	0
2837	2	1	2
2838	2	1	0
2839	5	1	2
2840	2	0	1
2841	1	1	0
2842	2	0	2
2843	1	1	4
2844	2	1	1
2845	2	1	0
2846	4	0	7
2847	7	1	8
2848	1	0	8
2849	2	0	1
2850	2	1	6
2851	2	0	8
2852	2	1	3
2853	2	1	0
2854	2	1	0
2855	2	1	0
2856	2	0	2
2857	2	1	3
2858	2	0	6
2859	2	1	3
2860	1	1	0
2861	3	0	3
2862	2	1	3
2863	2	1	5
2864	2	1	0
2865	2	0	8
2866	2	1	9
2867	2	1	2
2868	2	0	2
2869	4	0	5
2870	1	0	6
2871	2	0	8
2872	3	1	4
2873	3	1	2
2874	2	0	3
2875	2	0	0
2876	2	1	2
2877	1	0	3
2878	2	1	0
2879	2	0	0
2880	2	1	0
2881	2	1	0
2882	2	0	0
2883	2	0	7
2884	2	0	5
2885	2	0	4
2886	2	1	7
2887	2	1	3
2888	2	1	1
2889	2	0	8
2890	2	1	2
2891	1	0	6
2892	2	1	7
2893	1	1	0
2894	2	0	8
2895	2	1	8
2896	2	1	0
2897	2	1	2
2898	2	0	3
2899	2	1	5
2900	2	1	5
2901	3	1	0
2902	2	0	6
2903	2	0	6
2904	2	1	2
2905	2	1	7
2906	2	1	0
2907	2	0	1
2908	1	0	3
2909	2	0	5
2910	2	1	0
2911	3	0	2
2912	2	0	3
2913	2	1	0
2914	1	1	3
2915	1	1	8
2916	1	1	0
2917	2	1	4
2918	2	0	8
2919	1	0	2
2920	2	0	0
2921	2	1	7
2922	2	0	9
2923	2	1	2
2924	2	0	2
2925	1	0	0
2926	2	0	4
2927	1	0	7
2928	3	0	2
2929	1	1	0
2930	1	1	0
2931	2	0	5
2932	2	0	0
2933	2	1	6
2934	2	0	2
2935	2	1	4
2936	2	1	8
2937	1	1	0
2938	2	0	4
2939	1	0	0
2940	2	0	7
2941	2	0	5
2942	2	1	0
2943	1	0	5
2944	2	1	2
2945	2	1	1
2946	2	0	8
2947	2	1	0
2948	2	0	0
2949	2	1	2
2950	2	1	5
2951	2	1	0
2952	2	1	8
2953	1	0	2
2954	2	1	2
2955	1	0	0
2956	2	1	8
2957	1	0	0
2958	2	0	0
2959	2	0	8
2960	2	0	1
2961	2	0	5
2962	2	1	3
2963	2	0	1
2964	2	0	2
2965	2	0	7
2966	2	0	8
2967	1	0	0
2968	2	1	6
2969	2	0	0
2970	2	0	0
2971	2	0	0
2972	2	0	0
2973	2	1	2
2974	1	1	7
2975	2	0	7
2976	2	1	1
2977	2	0	0
2978	2	0	0
2979	2	0	2
2980	2	0	5
2981	2	0	0
2982	2	1	8
2983	2	1	0
2984	2	1	3
2985	2	0	1
2986	2	1	4
2987	2	0	2
2988	1	0	3
2989	1	0	7
2990	2	1	8
2991	2	0	6
2992	4	0	4
2993	2	0	1
2994	2	1	7
2995	2	0	0
2996	2	0	0
2997	2	1	2
2998	2	1	0
2999	2	1	6
3000	5	0	6
3001	2	0	5
3002	2	0	5
3003	2	0	2
3004	1	1	4
3005	2	0	8
3006	2	1	0
3007	2	1	2
3008	2	1	0
3009	1	1	9
3010	2	1	0
3011	2	0	6
3012	2	1	0
3013	2	0	2
3014	1	0	0
3015	2	1	5
3016	2	1	2
3017	2	1	0
3018	5	0	3
3019	2	1	8
3020	2	1	8
3021	1	1	0
3022	2	0	7
3023	2	0	3
3024	2	1	7
3025	1	1	0
3026	1	1	8
3027	2	0	6
3028	2	0	2
3029	2	0	1
3030	2	0	8
3031	2	0	0
3032	2	1	3
3033	2	0	2
3034	1	1	1
3035	5	0	6
3036	2	1	8
3037	1	0	0
3038	2	0	0
3039	2	1	2
3040	2	1	8
3041	2	0	5
3042	2	0	6
3043	2	0	8
3044	2	1	4
3045	2	1	0
3046	1	0	2
3047	2	0	3
3048	2	1	8
3049	2	1	0
3050	1	1	6
3051	2	0	5
3052	2	1	5
3053	2	0	6
3054	2	1	2
3055	2	1	0
3056	2	0	0
3057	2	0	5
3058	1	0	5
3059	2	1	0
3060	2	1	2
3061	2	1	1
3062	2	0	0
3063	2	1	3
3064	2	0	8
3065	2	1	4
3066	2	1	2
3067	2	0	1
3068	2	0	6
3069	2	1	0
3070	2	0	8
3071	1	1	0
3072	2	1	1
3073	2	0	0
3074	1	1	7
3075	2	1	2
3076	1	0	6
3077	2	1	0
3078	2	1	0
3079	2	0	0
3080	3	1	9
3081	1	1	7
3082	2	1	4
3083	2	1	7
3084	2	0	0
3085	4	0	0
3086	2	1	4
3087	2	0	0
3088	1	1	5
3089	2	0	2
3090	2	1	0
3091	2	0	7
3092	2	1	0
3093	2	1	0
3094	2	1	6
3095	2	1	7
3096	1	0	1
3097	2	0	8
3098	5	1	3
3099	2	1	5
3100	1	1	5
3101	2	0	6
3102	2	1	5
3103	2	1	7
3104	2	1	0
3105	2	1	0
3106	2	1	0
3107	1	0	8
3108	5	0	0
3109	1	1	8
3110	2	0	2
3111	2	1	7
3112	2	1	0
3113	2	0	5
3114	5	1	5
3115	2	1	5
3116	2	0	8
3117	2	0	4
3118	2	1	6
3119	2	1	8
3120	2	0	0
3121	2	1	0
3122	1	1	0
3123	2	1	8
3124	3	0	5
3125	2	1	6
3126	1	0	2
3127	2	0	8
3128	2	0	6
3129	1	0	5
3130	7	0	2
3131	4	1	7
3132	1	1	5
3133	2	0	0
3134	2	0	7
3135	2	1	4
3136	2	1	7
3137	2	0	6
3138	2	1	5
3139	2	1	3
3140	2	1	8
3141	2	0	7
3142	2	0	8
3143	2	0	0
3144	1	1	8
3145	2	1	0
3146	7	1	0
3147	2	1	8
3148	4	0	9
3149	3	1	3
3150	1	0	7
3151	2	1	8
3152	2	1	2
3153	2	0	0
3154	4	1	8
3155	2	1	7
3156	7	1	7
3157	1	0	8
3158	2	0	5
3159	2	0	6
3160	2	1	2
3161	2	0	1
3162	2	1	8
3163	2	0	3
3164	2	1	0
3165	2	1	7
3166	2	0	7
3167	2	1	7
3168	2	1	3
3169	2	1	6
3170	1	1	7
3171	1	1	2
3172	2	1	1
3173	4	1	7
3174	2	0	5
3175	1	0	0
3176	2	1	8
3177	2	1	7
3178	2	0	7
3179	2	1	6
3180	2	1	2
3181	2	1	2
3182	2	0	5
3183	2	0	5
3184	2	0	0
3185	6	1	6
3186	2	1	8
3187	2	1	3
3188	2	0	7
3189	1	0	0
3190	2	1	0
3191	2	1	2
3192	2	1	7
3193	2	1	2
3194	2	0	6
3195	2	0	8
3196	2	1	1
3197	2	0	5
3198	2	0	8
3199	2	0	1
3200	2	1	4
3201	2	1	0
3202	2	1	8
3203	2	0	3
3204	2	0	1
3205	1	1	2
3206	2	1	8
3207	1	0	6
3208	2	1	0
3209	2	1	9
3210	2	1	2
3211	2	1	7
3212	2	0	5
3213	2	1	0
3214	2	0	3
3215	1	1	0
3216	2	1	3
3217	2	1	5
3218	7	0	3
3219	2	0	1
3220	2	1	1
3221	2	1	0
3222	2	0	6
3223	2	0	0
3224	2	1	4
3225	1	0	0
3226	2	1	0
3227	2	1	5
3228	2	0	4
3229	2	1	4
3230	2	0	0
3231	2	1	2
3232	2	1	6
3233	2	1	0
3234	2	1	6
3235	1	0	7
3236	2	1	0
3237	2	1	0
3238	2	1	7
3239	2	0	2
3240	4	1	2
3241	2	1	8
3242	2	1	0
3243	2	0	0
3244	2	1	1
3245	2	1	0
3246	2	1	0
3247	1	0	3
3248	2	0	6
3249	2	1	4
3250	2	1	0
3251	2	0	0
3252	1	0	2
3253	2	1	1
3254	4	1	0
3255	2	1	8
3256	2	0	2
3257	2	0	2
3258	1	1	0
3259	2	1	6
3260	2	1	6
3261	1	0	7
3262	2	1	6
3263	2	1	3
3264	2	1	7
3265	5	1	8
3266	2	1	9
3267	1	1	5
3268	2	1	7
3269	4	0	5
3270	2	1	5
3271	2	0	0
3272	4	0	2
3273	2	1	7
3274	2	1	0
3275	2	1	6
3276	2	0	3
3277	2	1	7
3278	2	1	7
3279	1	0	6
3280	2	0	8
3281	2	0	0
3282	7	0	8
3283	3	0	0
3284	7	0	4
3285	2	1	0
3286	2	0	6
3287	2	1	2
3288	3	0	4
3289	2	0	4
3290	1	1	6
3291	4	1	8
3292	2	1	6
3293	1	1	8
3294	2	1	0
3295	1	0	0
3296	2	1	2
3297	2	0	3
3298	1	0	4
3299	2	1	5
3300	1	1	8
3301	2	0	2
3302	1	0	0
3303	1	1	0
3304	2	0	8
3305	2	1	5
3306	1	0	3
3307	2	0	5
3308	2	0	0
3309	2	1	6
3310	2	0	2
3311	1	0	2
3312	3	0	8
3313	1	0	0
3314	1	1	0
3315	2	1	0
3316	2	0	8
3317	1	1	0
3318	2	1	0
3319	2	1	8
3320	2	0	0
3321	2	0	7
3322	2	0	7
3323	2	1	2
3324	2	0	0
3325	2	1	7
3326	3	0	0
3327	2	1	2
3328	2	0	1
3329	2	1	1
3330	2	0	3
3331	2	1	0
3332	1	0	5
3333	2	1	6
3334	4	0	8
3335	2	0	5
3336	2	1	0
3337	1	1	0
3338	2	0	1
3339	2	0	3
3340	2	0	8
3341	2	1	8
3342	2	0	0
3343	2	1	2
3344	2	0	2
3345	2	1	5
3346	2	0	0
3347	1	0	0
3348	2	0	6
3349	2	0	8
3350	1	0	3
3351	2	1	0
3352	2	1	5
3353	2	1	8
3354	2	0	0
3355	2	1	2
3356	2	1	0
3357	2	1	8
3358	2	0	0
3359	2	1	2
3360	2	0	0
3361	2	1	7
3362	2	1	6
3363	2	1	8
3364	5	1	7
3365	2	1	0
3366	5	1	5
3367	2	0	7
3368	1	0	2
3369	2	0	1
3370	2	0	6
3371	2	1	0
3372	2	0	7
3373	2	1	1
3374	2	1	2
3375	4	0	0
3376	2	0	8
3377	2	1	4
3378	2	1	8
3379	2	1	5
3380	2	1	8
3381	1	1	6
3382	2	0	8
3383	2	1	0
3384	5	1	5
3385	1	1	7
3386	2	1	2
3387	2	0	0
3388	2	1	8
3389	2	0	0
3390	2	1	8
3391	2	0	0
3392	1	0	1
3393	2	1	8
3394	4	0	7
3395	2	0	0
3396	2	1	0
3397	2	1	9
3398	1	0	3
3399	2	0	0
3400	2	1	5
3401	2	1	0
3402	2	0	7
3403	2	1	2
3404	2	0	4
3405	2	0	8
3406	2	0	0
3407	2	0	5
3408	1	0	2
3409	2	1	0
3410	2	0	9
3411	2	0	0
3412	2	0	1
3413	2	0	3
3414	1	0	0
3415	2	1	6
3416	2	0	5
3417	2	0	8
3418	1	0	5
3419	2	0	0
3420	1	0	8
3421	2	1	2
3422	2	1	7
3423	2	1	6
3424	2	1	0
3425	2	1	0
3426	5	1	8
3427	1	1	1
3428	2	1	0
3429	2	0	0
3430	1	0	8
3431	1	0	2
3432	2	0	2
3433	2	0	8
3434	2	0	0
3435	2	1	0
3436	5	0	8
3437	2	1	6
3438	2	1	0
3439	2	1	6
3440	2	0	8
3441	2	0	3
3442	2	1	4
3443	1	1	1
3444	3	1	7
3445	2	0	7
3446	1	1	0
3447	2	0	6
3448	1	0	0
3449	1	1	8
3450	2	1	5
3451	4	1	8
3452	6	1	7
3453	2	1	7
3454	2	1	0
3455	2	0	7
3456	2	0	4
3457	2	0	0
3458	2	1	1
3459	2	1	0
3460	2	1	0
3461	2	0	6
3462	2	1	5
3463	1	0	0
3464	4	0	5
3465	1	1	6
3466	1	1	0
3467	2	1	0
3468	2	1	8
3469	4	0	2
3470	2	1	6
3471	7	0	3
3472	2	0	2
3473	2	0	9
3474	1	0	0
3475	2	0	2
3476	2	0	8
3477	2	1	5
3478	5	0	8
3479	1	0	7
3480	2	0	0
3481	2	1	6
3482	2	1	0
3483	2	1	5
3484	2	1	6
3485	2	1	6
3486	3	0	8
3487	2	1	0
3488	2	1	7
3489	2	1	0
3490	2	1	0
3491	2	1	5
3492	3	1	8
3493	1	1	0
3494	2	0	8
3495	2	0	0
3496	2	0	0
3497	1	0	5
3498	2	0	0
3499	2	0	0
3500	2	0	8
3501	2	0	8
3502	2	1	1
3503	2	0	0
3504	1	1	7
3505	2	1	6
3506	2	0	6
3507	2	1	7
3508	2	1	6
3509	2	0	2
3510	2	1	7
3511	1	1	2
3512	2	1	4
3513	2	1	6
3514	2	1	7
3515	2	1	6
3516	2	1	2
3517	2	0	1
3518	3	0	0
3519	2	0	2
3520	2	0	2
3521	1	1	3
3522	2	0	3
3523	2	0	5
3524	5	0	4
3525	2	0	2
3526	2	0	2
3527	3	1	6
3528	1	1	6
3529	2	0	2
3530	2	1	0
3531	2	0	5
3532	2	0	2
3533	2	0	2
3534	2	1	6
3535	2	0	6
3536	2	0	2
3537	4	1	2
3538	2	1	8
3539	2	0	0
3540	2	1	7
3541	5	1	0
3542	2	0	7
3543	2	0	7
3544	2	1	8
3545	2	1	1
3546	1	1	8
3547	2	0	5
3548	2	0	0
3549	2	0	5
3550	2	1	7
3551	2	1	2
3552	2	1	8
3553	2	0	8
3554	2	0	5
3555	2	0	8
3556	2	1	2
3557	2	0	0
3558	4	1	2
3559	2	1	0
3560	2	1	3
3561	2	1	5
3562	2	1	6
3563	2	0	3
3564	2	0	4
3565	1	0	8
3566	2	0	8
3567	4	1	7
3568	2	0	3
3569	2	0	5
3570	2	1	3
3571	5	1	0
3572	2	0	5
3573	2	1	5
3574	2	1	0
3575	2	0	2
3576	1	0	7
3577	2	1	3
3578	2	0	9
3579	2	0	1
3580	2	0	0
3581	2	1	0
3582	2	1	7
3583	2	1	0
3584	1	0	2
3585	1	1	5
3586	2	0	6
3587	2	0	7
3588	2	1	6
3589	2	1	7
3590	2	1	1
3591	2	0	0
3592	2	0	8
3593	4	0	8
3594	2	0	2
3595	2	1	2
3596	2	1	8
3597	4	1	8
3598	2	1	4
3599	2	1	0
3600	2	1	7
3601	2	1	0
3602	2	0	0
3603	2	1	3
3604	2	1	8
3605	2	0	5
3606	2	0	0
3607	2	0	7
3608	2	1	7
3609	2	0	1
3610	2	1	4
3611	2	1	0
3612	2	0	5
3613	2	1	7
3614	2	0	1
3615	1	0	7
3616	2	0	1
3617	2	0	3
3618	2	1	7
3619	1	0	5
3620	2	1	8
3621	2	1	8
3622	1	1	5
3623	1	0	0
3624	2	1	7
3625	1	0	2
3626	2	0	7
3627	2	1	3
3628	6	1	3
3629	2	0	3
3630	2	0	8
3631	1	0	7
3632	2	0	5
3633	2	1	1
3634	2	0	8
3635	2	0	9
3636	2	1	3
3637	2	1	4
3638	1	1	7
3639	2	1	2
3640	6	1	1
3641	2	1	0
3642	2	0	0
3643	1	0	8
3644	2	1	8
3645	1	1	5
3646	5	0	0
3647	2	1	7
3648	2	1	3
3649	2	1	5
3650	2	0	0
3651	3	0	1
3652	1	1	2
3653	1	1	1
3654	2	0	6
3655	2	1	0
3656	2	1	7
3657	2	0	5
3658	2	1	8
3659	2	1	5
3660	2	1	8
3661	2	0	8
3662	1	0	0
3663	1	0	6
3664	2	1	4
3665	2	0	0
3666	2	1	2
3667	2	1	0
3668	7	0	0
3669	2	1	2
3670	2	0	5
3671	1	0	4
3672	2	1	4
3673	2	0	8
3674	2	1	5
3675	1	1	0
3676	2	0	0
3677	1	1	2
3678	2	0	9
3679	2	1	0
3680	2	1	6
3681	1	1	0
3682	2	1	7
3683	2	0	0
3684	2	1	7
3685	2	0	0
3686	2	0	0
3687	2	1	7
3688	4	0	5
3689	2	0	6
3690	3	0	0
3691	2	0	1
3692	2	0	2
3693	2	0	5
3694	1	0	0
3695	2	0	7
3696	2	1	6
3697	2	1	4
3698	1	1	6
3699	2	1	2
3700	2	0	5
3701	1	1	0
3702	2	1	3
3703	1	1	0
3704	2	1	6
3705	2	1	2
3706	1	1	5
3707	5	0	4
3708	2	1	1
3709	3	1	6
3710	2	0	2
3711	1	0	4
3712	2	1	1
3713	2	0	6
3714	2	0	0
3715	2	1	8
3716	2	0	2
3717	2	0	4
3718	2	1	3
3719	1	1	0
3720	2	1	6
3721	3	1	0
3722	2	1	5
3723	2	0	4
3724	2	0	4
3725	1	1	5
3726	2	1	3
3727	2	1	2
3728	2	1	0
3729	2	1	0
3730	2	0	8
3731	2	0	7
3732	7	1	7
3733	1	0	8
3734	1	0	1
3735	1	1	1
3736	2	0	5
3737	2	1	0
3738	1	1	5
3739	2	0	0
3740	1	0	3
3741	2	0	4
3742	2	1	2
3743	2	1	4
3744	2	0	1
3745	1	1	0
3746	2	0	8
3747	5	0	3
3748	2	1	8
3749	3	0	0
3750	2	0	0
3751	2	0	1
3752	2	1	2
3753	2	1	4
3754	1	0	2
3755	2	1	0
3756	2	1	0
3757	2	0	4
3758	2	1	8
3759	2	1	0
3760	7	1	4
3761	2	1	1
3762	1	0	5
3763	2	1	6
3764	2	1	0
3765	2	0	3
3766	2	0	0
3767	1	0	7
3768	2	0	7
3769	2	1	0
3770	1	0	7
3771	2	0	2
3772	2	0	8
3773	2	0	0
3774	2	1	8
3775	2	1	0
3776	2	1	4
3777	4	1	2
3778	2	1	6
3779	1	1	0
3780	2	1	0
3781	1	0	0
3782	2	0	7
3783	2	1	3
3784	2	1	6
3785	2	0	8
3786	2	1	3
3787	2	0	0
3788	2	0	0
3789	2	1	2
3790	2	0	7
3791	2	0	8
3792	1	1	0
3793	3	0	1
3794	1	1	3
3795	2	1	6
3796	2	1	6
3797	2	1	3
3798	2	1	8
3799	2	0	3
3800	2	0	0
3801	2	1	5
3802	2	1	8
3803	2	0	0
3804	1	1	2
3805	2	1	1
3806	2	0	8
3807	2	0	2
3808	2	1	7
3809	1	1	5
3810	1	1	0
3811	2	0	9
3812	2	1	5
3813	2	1	0
3814	2	0	7
3815	2	1	4
3816	2	0	6
3817	2	1	2
3818	2	1	0
3819	2	0	2
3820	2	0	7
3821	1	1	0
3822	1	1	0
3823	1	0	6
3824	2	1	0
3825	2	0	6
3826	2	0	6
3827	5	1	0
3828	2	1	2
3829	2	0	0
3830	2	1	3
3831	2	1	0
3832	2	0	0
3833	2	0	6
3834	6	1	0
3835	1	1	7
3836	1	1	0
3837	2	1	0
3838	3	1	0
3839	1	0	0
3840	4	1	5
3841	2	1	0
3842	2	0	0
3843	3	0	0
3844	2	1	7
3845	2	0	0
3846	2	0	5
3847	2	1	2
3848	2	0	2
3849	1	1	2
3850	2	0	5
3851	4	0	4
3852	2	0	6
3853	2	1	0
3854	4	1	3
3855	2	1	0
3856	7	1	2
3857	2	0	5
3858	1	1	0
3859	2	0	7
3860	2	1	0
3861	2	1	8
3862	5	1	0
3863	1	0	8
3864	2	1	0
3865	2	1	3
3866	5	1	7
3867	2	1	0
3868	2	0	7
3869	2	0	0
3870	5	0	0
3871	2	0	0
3872	5	1	8
3873	2	0	8
3874	2	1	4
3875	1	0	5
3876	2	0	1
3877	2	0	4
3878	2	1	5
3879	2	1	8
3880	3	0	5
3881	2	0	0
3882	2	1	8
3883	2	1	3
3884	2	0	3
3885	2	0	3
3886	2	1	7
3887	2	1	3
3888	2	0	8
3889	2	0	0
3890	2	0	2
3891	4	1	0
3892	2	1	6
3893	1	0	0
3894	2	0	3
3895	2	0	1
3896	2	0	1
3897	1	1	6
3898	2	0	3
3899	2	1	2
3900	2	1	7
3901	2	0	7
3902	2	1	5
3903	2	0	7
3904	2	1	2
3905	1	0	7
3906	2	0	3
3907	1	0	0
3908	1	0	7
3909	2	0	8
3910	2	0	2
3911	2	0	7
3912	1	1	1
3913	2	1	0
3914	2	1	2
3915	2	1	3
3916	2	0	4
3917	2	0	6
3918	2	0	0
3919	2	1	5
3920	2	1	4
3921	4	1	6
3922	2	0	6
3923	2	0	0
3924	2	1	0
3925	2	0	5
3926	2	1	8
3927	2	0	4
3928	3	0	0
3929	7	1	6
3930	2	1	0
3931	1	0	3
3932	2	1	3
3933	5	0	5
3934	2	1	6
3935	2	0	0
3936	2	1	2
3937	2	0	0
3938	2	1	8
3939	5	1	0
3940	4	0	7
3941	1	1	4
3942	2	1	0
3943	2	1	8
3944	2	0	0
3945	4	0	9
3946	2	1	8
3947	1	1	1
3948	2	1	1
3949	1	1	0
3950	2	0	8
3951	4	0	6
3952	1	0	2
3953	5	1	6
3954	1	1	7
3955	2	1	0
3956	2	0	0
3957	1	0	5
3958	4	0	1
3959	2	0	2
3960	2	0	2
3961	3	1	5
3962	1	0	7
3963	2	0	0
3964	4	1	5
3965	2	0	7
3966	2	0	1
3967	2	1	0
3968	2	1	0
3969	2	0	5
3970	2	1	5
3971	2	1	8
3972	2	1	5
3973	1	1	0
3974	2	1	7
3975	2	1	7
3976	2	1	5
3977	2	1	0
3978	2	1	3
3979	2	1	5
3980	2	0	2
3981	2	0	0
3982	2	1	0
3983	2	1	7
3984	2	1	0
3985	2	1	8
3986	2	0	1
3987	2	1	2
3988	1	1	0
3989	5	1	7
3990	3	1	0
3991	2	1	0
3992	2	1	4
3993	2	1	1
3994	2	0	7
3995	2	0	1
3996	2	1	0
3997	2	0	0
3998	2	1	7
3999	2	0	4
4000	2	0	6
4001	2	0	6
4002	2	1	0
4003	1	1	0
4004	2	0	4
4005	2	1	8
4006	2	1	2
4007	2	1	0
4008	2	1	2
4009	1	0	0
4010	2	1	0
4011	1	1	0
4012	2	0	3
4013	2	1	0
4014	2	1	6
4015	3	1	0
4016	2	1	6
4017	2	0	0
4018	2	1	1
4019	2	0	8
4020	4	1	2
4021	2	1	8
4022	1	0	0
4023	2	1	0
4024	2	0	1
4025	1	1	7
4026	3	1	1
4027	2	1	2
4028	1	1	5
4029	2	0	8
4030	4	1	9
4031	2	1	0
4032	2	0	7
4033	2	0	7
4034	2	1	1
4035	2	0	0
4036	2	1	7
4037	2	0	0
4038	1	1	3
4039	2	1	3
4040	2	1	6
4041	2	1	8
4042	2	0	0
4043	2	1	1
4044	2	1	2
4045	2	0	7
4046	2	0	6
4047	1	1	4
4048	2	1	6
4049	2	1	0
4050	1	1	3
4051	5	0	0
4052	2	1	2
4053	2	0	4
4054	2	1	2
4055	2	1	8
4056	2	0	2
4057	2	0	0
4058	2	1	0
4059	2	0	0
4060	3	1	6
4061	2	1	8
4062	2	1	8
4063	2	1	7
4064	2	1	3
4065	1	0	5
4066	2	0	0
4067	2	0	2
4068	2	0	5
4069	2	0	0
4070	2	1	0
4071	2	0	4
4072	2	1	2
4073	2	1	5
4074	2	0	8
4075	2	1	8
4076	2	1	2
4077	2	0	4
4078	2	1	8
4079	1	1	0
4080	1	0	1
4081	2	1	0
4082	2	1	9
4083	1	0	0
4084	2	0	5
4085	1	1	7
4086	2	0	0
4087	2	0	3
4088	2	1	6
4089	2	1	1
4090	2	0	5
4091	2	0	7
4092	2	0	7
4093	2	1	4
4094	2	0	8
4095	1	0	5
4096	1	1	0
4097	2	1	2
4098	2	1	0
4099	1	1	2
4100	2	1	0
4101	2	1	8
4102	2	1	4
4103	2	0	7
4104	1	1	2
4105	1	1	0
4106	1	1	5
4107	5	1	4
4108	2	1	2
4109	2	1	1
4110	2	0	7
4111	2	1	7
4112	7	0	8
4113	2	0	3
4114	2	1	6
4115	2	1	5
4116	2	1	5
4117	1	1	0
4118	1	0	0
4119	1	0	0
4120	2	1	0
4121	2	1	0
4122	2	1	3
4123	2	0	3
4124	2	0	6
4125	2	1	3
4126	2	0	2
4127	1	1	5
4128	1	0	4
4129	2	0	7
4130	2	0	0
4131	1	0	3
4132	2	1	2
4133	2	1	8
4134	2	0	4
4135	2	1	1
4136	3	1	2
4137	2	0	9
4138	3	0	1
4139	4	0	7
4140	4	0	0
4141	2	0	7
4142	1	1	5
4143	2	1	0
4144	2	1	2
4145	2	1	2
4146	2	1	4
4147	2	1	0
4148	1	1	6
4149	2	1	2
4150	2	1	7
4151	3	1	6
4152	1	1	6
4153	4	1	6
4154	3	1	2
4155	2	1	2
4156	2	0	0
4157	1	0	7
4158	2	0	5
4159	2	0	0
4160	1	0	0
4161	2	0	8
4162	2	0	8
4163	2	1	2
4164	2	1	0
4165	2	1	6
4166	2	0	3
4167	2	1	7
4168	2	1	1
4169	4	0	4
4170	2	1	8
4171	2	1	4
4172	2	0	7
4173	2	0	0
4174	2	1	4
4175	2	0	6
4176	1	1	3
4177	2	1	0
4178	2	1	1
4179	7	0	0
4180	2	1	2
4181	2	1	0
4182	2	1	8
4183	2	1	5
4184	4	0	1
4185	2	0	0
4186	2	1	0
4187	2	0	9
4188	2	1	2
4189	5	0	2
4190	3	1	2
4191	2	0	0
4192	1	0	8
4193	2	1	0
4194	2	1	7
4195	1	0	0
4196	2	1	0
4197	3	1	0
4198	2	0	5
4199	2	1	6
4200	2	1	7
4201	2	1	2
4202	2	0	7
4203	2	0	5
4204	2	1	6
4205	1	1	7
4206	2	1	6
4207	2	0	0
4208	2	0	8
4209	4	1	0
4210	2	1	0
4211	2	1	0
4212	2	1	8
4213	2	1	8
4214	2	1	0
4215	2	1	8
4216	2	0	2
4217	3	1	6
4218	1	0	4
4219	2	1	0
4220	2	0	5
4221	2	1	0
4222	2	1	8
4223	2	0	6
4224	2	1	5
4225	2	1	6
4226	2	1	0
4227	2	1	3
4228	1	0	5
4229	2	1	7
4230	2	1	2
4231	2	1	7
4232	7	1	0
4233	2	1	0
4234	3	1	0
4235	2	1	0
4236	2	0	6
4237	2	1	0
4238	2	0	8
4239	2	1	8
4240	2	1	2
4241	2	0	2
4242	2	1	7
4243	2	1	0
4244	2	1	3
4245	2	1	5
4246	2	1	0
4247	1	1	0
4248	2	0	3
4249	1	0	2
4250	1	1	3
4251	1	1	0
4252	2	0	6
4253	2	1	0
4254	3	0	2
4255	1	1	0
4256	2	0	2
4257	2	1	6
4258	2	0	8
4259	4	1	8
4260	2	1	7
4261	6	0	0
4262	1	1	0
4263	2	0	8
4264	2	1	8
4265	2	0	0
4266	1	1	1
4267	2	1	0
4268	1	1	2
4269	1	1	5
4270	2	0	0
4271	2	0	0
4272	2	1	0
4273	2	1	6
4274	3	1	2
4275	2	0	0
4276	2	1	6
4277	2	1	0
4278	3	1	5
4279	2	0	1
4280	2	1	2
4281	2	1	3
4282	2	0	0
4283	2	1	6
4284	2	1	8
4285	1	1	4
4286	2	0	0
4287	1	1	0
4288	2	0	2
4289	2	0	0
4290	2	1	6
4291	2	1	8
4292	2	0	0
4293	2	1	5
4294	2	1	0
4295	2	0	3
4296	2	0	0
4297	2	1	5
4298	2	0	6
4299	2	1	4
4300	2	0	6
4301	2	0	2
4302	2	1	2
4303	2	1	0
4304	5	0	2
4305	5	0	0
4306	1	1	5
4307	4	0	0
4308	2	1	0
4309	2	1	2
4310	2	0	0
4311	2	1	8
4312	2	0	1
4313	2	0	8
4314	2	0	0
4315	2	1	8
4316	1	1	2
4317	2	1	8
4318	2	1	4
4319	2	0	0
4320	2	0	4
4321	2	1	1
4322	2	1	3
4323	2	1	1
4324	2	1	8
4325	5	1	2
4326	3	0	0
4327	4	1	6
4328	2	1	2
4329	2	0	8
4330	2	0	2
4331	2	0	0
4332	2	0	0
4333	1	0	0
4334	3	1	1
4335	2	1	7
4336	2	1	4
4337	2	1	0
4338	2	0	5
4339	2	1	8
4340	2	0	4
4341	3	1	2
4342	2	0	0
4343	2	1	2
4344	2	1	0
4345	1	0	0
4346	2	1	0
4347	2	1	3
4348	2	1	0
4349	2	1	2
4350	1	1	6
4351	2	1	2
4352	2	0	5
4353	1	1	2
4354	2	1	0
4355	2	0	7
4356	2	1	4
4357	2	1	0
4358	2	1	8
4359	1	1	0
4360	3	1	2
4361	2	0	1
4362	1	1	0
4363	2	1	8
4364	2	0	2
4365	2	1	0
4366	1	1	6
4367	1	0	8
4368	4	1	0
4369	1	0	0
4370	1	1	0
4371	2	1	4
4372	2	1	0
4373	2	1	0
4374	2	1	0
4375	2	1	0
4376	4	1	7
4377	2	1	5
4378	1	1	4
4379	2	0	1
4380	2	1	0
4381	1	1	0
4382	2	0	8
4383	2	0	3
4384	1	0	0
4385	2	1	5
4386	1	1	7
4387	3	0	6
4388	2	1	0
4389	2	1	0
4390	2	1	6
4391	2	1	0
4392	2	0	8
4393	2	0	7
4394	2	1	2
4395	2	0	9
4396	2	1	3
4397	5	1	5
4398	1	0	8
4399	2	1	2
4400	2	1	4
4401	2	1	2
4402	2	0	8
4403	2	1	7
4404	1	1	4
4405	2	0	0
4406	2	0	7
4407	2	0	5
4408	3	1	0
4409	2	0	7
4410	2	0	0
4411	2	0	0
4412	2	0	3
4413	2	1	8
4414	1	0	0
4415	2	1	5
4416	2	0	3
4417	3	1	7
4418	4	1	2
4419	1	0	4
4420	2	0	0
4421	2	1	0
4422	1	1	5
4423	2	0	2
4424	2	1	3
4425	1	1	4
4426	2	1	2
4427	2	0	5
4428	2	0	7
4429	2	1	8
4430	2	1	8
4431	2	1	0
4432	1	0	6
4433	2	1	2
4434	2	0	6
4435	1	0	0
4436	2	1	8
4437	1	0	6
4438	2	0	2
4439	2	1	7
4440	2	1	0
4441	1	0	0
4442	1	0	0
4443	2	1	2
4444	2	0	5
4445	1	0	2
4446	2	1	0
4447	2	0	0
4448	5	1	0
4449	2	1	0
4450	2	1	5
4451	2	1	5
4452	2	0	0
4453	1	0	4
4454	5	0	6
4455	2	1	6
4456	1	1	7
4457	2	1	5
4458	2	0	8
4459	2	1	5
4460	2	1	0
4461	2	1	4
4462	2	1	6
4463	2	1	0
4464	2	0	8
4465	2	0	0
4466	2	1	3
4467	2	1	7
4468	2	1	7
4469	2	0	1
4470	2	0	7
4471	2	0	0
4472	2	1	9
4473	2	0	4
4474	2	1	0
4475	2	1	0
4476	2	0	5
4477	2	0	7
4478	2	0	0
4479	2	0	5
4480	2	1	8
4481	2	1	6
4482	2	1	4
4483	2	1	8
4484	2	1	3
4485	2	0	2
4486	1	1	7
4487	2	0	7
4488	2	1	0
4489	2	0	5
4490	2	1	6
4491	2	1	0
4492	2	1	0
4493	2	1	7
4494	2	1	0
4495	2	1	1
4496	2	0	0
4497	2	1	7
4498	1	1	0
4499	2	0	8
4500	2	1	8
4501	2	1	2
4502	1	1	0
4503	3	1	8
4504	2	1	0
4505	2	1	8
4506	2	0	8
4507	5	0	5
4508	2	1	6
4509	2	1	0
4510	4	0	4
4511	2	0	8
4512	2	1	7
4513	2	0	6
4514	2	0	8
4515	2	0	0
4516	3	0	3
4517	1	1	8
4518	1	0	4
4519	2	0	3
4520	1	1	2
4521	2	0	0
4522	2	0	5
4523	2	1	7
4524	2	0	5
4525	2	0	8
4526	3	0	8
4527	2	1	0
4528	2	0	7
4529	2	1	0
4530	2	1	7
4531	2	1	0
4532	2	1	5
4533	2	1	0
4534	2	0	5
4535	2	1	2
4536	2	1	5
4537	1	1	4
4538	2	0	2
4539	1	1	5
4540	2	1	7
4541	2	0	2
4542	2	1	2
4543	1	0	7
4544	3	0	7
